0 0.6466145833333333 0.2175925925925926 0.1734375 0.16666666666666666
0 0.39479166666666665 0.21851851851851853 0.05 0.07962962962962963
0 0.5611979166666666 0.23564814814814813 0.049479166666666664 0.10092592592592593
0 0.6484375 0.32037037037037036 0.0375 0.07777777777777778
0 0.4973958333333333 0.3314814814814815 0.042708333333333334 0.07777777777777778
0 0.6760416666666667 0.3472222222222222 0.023958333333333335 0.05555555555555555
0 0.8140625 0.36898148148148147 0.07708333333333334 0.08796296296296297
0 0.8942708333333333 0.4041666666666667 0.08958333333333333 0.07685185185185185
0 0.8729166666666667 0.40555555555555556 0.10416666666666667 0.08148148148148149
0 0.50234375 0.40555555555555556 0.0484375 0.05925925925925926
0 0.81328125 0.4546296296296296 0.04739583333333333 0.06666666666666667
0 0.78671875 0.45694444444444443 0.04635416666666667 0.07685185185185185
0 0.8841145833333334 0.46111111111111114 0.03177083333333333 0.05185185185185185
0 0.6234375 0.5287037037037037 0.058333333333333334 0.06481481481481481
0 0.4903645833333333 0.06574074074074074 0.0609375 0.12222222222222222