0 0.40286458333333336 0.20555555555555555 0.030729166666666665 0.09074074074074075
0 0.6997395833333333 0.2152777777777778 0.17239583333333333 0.16944444444444445
0 0.5828125 0.21851851851851853 0.052083333333333336 0.10740740740740741
0 0.67109375 0.31805555555555554 0.05260416666666667 0.09537037037037037
0 0.496875 0.33240740740740743 0.03229166666666667 0.06481481481481481
0 0.8572916666666667 0.3712962962962963 0.10104166666666667 0.0962962962962963
0 0.48802083333333335 0.39861111111111114 0.053125 0.08425925925925926
0 0.78671875 0.4027777777777778 0.04114583333333333 0.07407407407407407
0 0.9177083333333333 0.42916666666666664 0.1 0.11018518518518519
0 0.9104166666666667 0.4305555555555556 0.103125 0.11296296296296296
0 0.6505208333333333 0.44675925925925924 0.096875 0.08425925925925926
0 0.7955729166666666 0.4671296296296296 0.034895833333333334 0.06759259259259259
0 0.83125 0.4675925925925926 0.04895833333333333 0.07037037037037037
0 0.5265625 0.04814814814814815 0.07083333333333333 0.09444444444444444
0 0.6385416666666667 0.5370370370370371 0.05520833333333333 0.06851851851851852