0 0.45416666666666666 0.3055555555555556 0.040625 0.12222222222222222
0 0.8135416666666667 0.09351851851851851 0.21458333333333332 0.18518518518518517
0 0.8078125 0.23287037037037037 0.096875 0.14722222222222223
0 0.9505208333333334 0.36018518518518516 0.07291666666666667 0.06851851851851852
0 0.95625 0.4060185185185185 0.059375 0.06018518518518518
0 0.7416666666666667 0.30694444444444446 0.029166666666666667 0.075
0 0.6309895833333333 0.3787037037037037 0.0390625 0.06481481481481481
0 0.8135416666666667 0.4217592592592593 0.021875 0.08055555555555556
0 0.7716145833333333 0.41805555555555557 0.0578125 0.0787037037037037
0 0.3453125 0.027314814814814816 0.08854166666666667 0.05092592592592592
0 0.44921875 0.24351851851851852 0.0390625 0.10555555555555556
0 0.62109375 0.4708333333333333 0.033854166666666664 0.09166666666666666
0 0.7309895833333333 0.48703703703703705 0.0234375 0.06481481481481481
0 0.66875 0.47638888888888886 0.036458333333333336 0.05462962962962963
0 0.9828125 0.44907407407407407 0.03333333333333333 0.07592592592592592