0 0.8380208333333333 0.225 0.125 0.15
0 0.43854166666666666 0.22824074074074074 0.023958333333333335 0.0824074074074074
0 0.46041666666666664 0.28379629629629627 0.053125 0.125
0 0.7421875 0.3055555555555556 0.022916666666666665 0.07222222222222222
0 0.9622395833333334 0.35648148148148145 0.07135416666666666 0.05925925925925926
0 0.6385416666666667 0.38101851851851853 0.04479166666666667 0.06388888888888888
0 0.9674479166666666 0.4060185185185185 0.058854166666666666 0.05462962962962963
0 0.7747395833333334 0.41805555555555557 0.0453125 0.06944444444444445
0 0.8049479166666667 0.4236111111111111 0.03697916666666667 0.06944444444444445
0 0.9869791666666666 0.44675925925925924 0.025 0.06944444444444445
0 0.6229166666666667 0.4615740740740741 0.029166666666666667 0.06574074074074074
0 0.6760416666666667 0.47453703703703703 0.034375 0.062037037037037036
0 0.7247395833333333 0.48055555555555557 0.033854166666666664 0.07592592592592592
0 0.8479166666666667 0.08101851851851852 0.22395833333333334 0.16018518518518518