0 0.8559895833333333 0.21481481481481482 0.1359375 0.15185185185185185
0 0.43723958333333335 0.2310185185185185 0.0296875 0.11203703703703703
0 0.4591145833333333 0.2777777777777778 0.043229166666666666 0.1388888888888889
0 0.7447916666666666 0.30416666666666664 0.030208333333333334 0.08055555555555556
0 0.9684895833333333 0.36064814814814816 0.058854166666666666 0.06759259259259259
0 0.6385416666666667 0.38055555555555554 0.036458333333333336 0.05555555555555555
0 0.97109375 0.4064814814814815 0.0515625 0.053703703703703705
0 0.7828125 0.4185185185185185 0.03854166666666667 0.07777777777777778
0 0.7934895833333333 0.42453703703703705 0.05260416666666667 0.08055555555555556
0 0.6221354166666667 0.46111111111111114 0.0265625 0.053703703703703705
0 0.6830729166666667 0.47685185185185186 0.03697916666666667 0.07037037037037037
0 0.7203125 0.4773148148148148 0.03229166666666667 0.07314814814814814
0 0.61015625 0.4824074074074074 0.0328125 0.07222222222222222
0 0.8880208333333334 0.07083333333333333 0.22395833333333334 0.1398148148148148