0 0.42161458333333335 0.13333333333333333 0.030729166666666665 0.1388888888888889
0 0.60234375 0.16944444444444445 0.0296875 0.1425925925925926
0 0.8015625 0.1912037037037037 0.21354166666666666 0.17685185185185184
0 0.5635416666666667 0.02638888888888889 0.08125 0.049074074074074076
0 0.67421875 0.29259259259259257 0.0421875 0.1
0 0.5049479166666667 0.30648148148148147 0.022395833333333334 0.06666666666666667
0 0.8809895833333333 0.36342592592592593 0.0953125 0.11388888888888889
0 0.4640625 0.3638888888888889 0.071875 0.10555555555555556
0 0.8161458333333333 0.3912037037037037 0.06875 0.06574074074074074
0 0.9393229166666667 0.4111111111111111 0.10677083333333333 0.08148148148148149
0 0.6684895833333333 0.42592592592592593 0.07447916666666667 0.09444444444444444
0 0.8067708333333333 0.45185185185185184 0.034375 0.06111111111111111
0 0.865625 0.4587962962962963 0.07916666666666666 0.0787037037037037
0 0.9010416666666666 0.4652777777777778 0.04583333333333333 0.06018518518518518
0 0.6622395833333333 0.5305555555555556 0.0546875 0.05925925925925926