0 0.7479166666666667 0.09861111111111111 0.15833333333333333 0.19537037037037036
0 0.7953125 0.24768518518518517 0.09583333333333334 0.125
0 0.45338541666666665 0.25925925925925924 0.059895833333333336 0.1037037037037037
0 0.7471354166666667 0.3060185185185185 0.030729166666666665 0.08425925925925926
0 0.45234375 0.3175925925925926 0.030729166666666665 0.11481481481481481
0 0.9348958333333334 0.35833333333333334 0.07708333333333334 0.06481481481481481
0 0.6260416666666667 0.38472222222222224 0.04791666666666667 0.06574074074074074
0 0.946875 0.4115740740740741 0.07604166666666666 0.05648148148148148
0 0.7578125 0.41712962962962963 0.05 0.09351851851851851
0 0.821875 0.43287037037037035 0.03854166666666667 0.10092592592592593
0 0.3958333333333333 0.04351851851851852 0.09375 0.08333333333333333
0 0.9763020833333333 0.4449074074074074 0.04635416666666667 0.07685185185185185
0 0.7341145833333333 0.5027777777777778 0.022395833333333334 0.07037037037037037