0 0.4171875 0.12962962962962962 0.04583333333333333 0.10925925925925926
0 0.9341145833333333 0.20833333333333334 0.13177083333333334 0.23333333333333334
0 0.44479166666666664 0.23194444444444445 0.07708333333333334 0.11018518518518519
0 0.42604166666666665 0.26157407407407407 0.11770833333333333 0.08055555555555556
0 0.32786458333333335 0.31296296296296294 0.0328125 0.08148148148148149
0 0.9815104166666667 0.33055555555555555 0.034895833333333334 0.08148148148148149
0 0.609375 0.35462962962962963 0.0375 0.06666666666666667
0 0.9596354166666666 0.3925925925925926 0.0703125 0.07777777777777778
0 0.48723958333333334 0.39537037037037037 0.0421875 0.053703703703703705
0 0.7247395833333333 0.4 0.034895833333333334 0.06851851851851852
0 0.7580729166666667 0.4097222222222222 0.0546875 0.06018518518518518