0 0.3640625 0.031018518518518518 0.09270833333333334 0.06018518518518518
0 0.8072916666666666 0.10231481481481482 0.21979166666666666 0.20277777777777778
0 0.7966145833333333 0.2375 0.09322916666666667 0.14351851851851852
0 0.94609375 0.3560185185185185 0.07552083333333333 0.06018518518518518
0 0.9536458333333333 0.40555555555555556 0.06354166666666666 0.05740740740740741
0 0.45286458333333335 0.23935185185185184 0.04114583333333333 0.09722222222222222
0 0.44973958333333336 0.32314814814814813 0.03697916666666667 0.09444444444444444
0 0.7684895833333333 0.4185185185185185 0.05677083333333333 0.08333333333333333
0 0.63359375 0.37962962962962965 0.0484375 0.06666666666666667
0 0.6716145833333333 0.47824074074074074 0.043229166666666666 0.05462962962962963
0 0.8166666666666667 0.42916666666666664 0.035416666666666666 0.06944444444444445
0 0.9796875 0.44351851851851853 0.03958333333333333 0.07222222222222222
0 0.6166666666666667 0.4726851851851852 0.026041666666666668 0.09351851851851851
0 0.7421875 0.30972222222222223 0.027083333333333334 0.07314814814814814
0 0.7348958333333333 0.500462962962963 0.026041666666666668 0.05648148148148148