0 0.39921875 0.20462962962962963 0.033854166666666664 0.09444444444444444
0 0.6908854166666667 0.2152777777777778 0.18489583333333334 0.16018518518518518
0 0.5783854166666667 0.23055555555555557 0.059895833333333336 0.12037037037037036
0 0.6591145833333333 0.3194444444444444 0.0359375 0.08333333333333333
0 0.4973958333333333 0.33101851851851855 0.040625 0.058333333333333334
0 0.8479166666666667 0.3800925925925926 0.09375 0.10462962962962963
0 0.7809895833333333 0.39537037037037037 0.03697916666666667 0.06481481481481481
0 0.48932291666666666 0.4 0.05260416666666667 0.08148148148148149
0 0.8979166666666667 0.41759259259259257 0.10208333333333333 0.09074074074074075
0 0.9052083333333333 0.425 0.06875 0.12222222222222222
0 0.64453125 0.43842592592592594 0.08177083333333333 0.08425925925925926
0 0.8265625 0.4587962962962963 0.065625 0.06574074074074074
0 0.7958333333333333 0.4638888888888889 0.03333333333333333 0.07222222222222222
0 0.6296875 0.5370370370370371 0.058333333333333334 0.05555555555555555
0 0.5109375 0.05555555555555555 0.05520833333333333 0.10925925925925926