0 0.4041666666666667 0.1884259259259259 0.028125 0.09907407407407408
0 0.7072916666666667 0.20555555555555555 0.16770833333333332 0.17777777777777778
0 0.5872395833333334 0.21851851851851853 0.05572916666666667 0.11481481481481481
0 0.6736979166666667 0.3175925925925926 0.05677083333333333 0.09444444444444444
0 0.49609375 0.32916666666666666 0.034895833333333334 0.04537037037037037
0 0.8622395833333333 0.37222222222222223 0.10572916666666667 0.10925925925925926
0 0.4828125 0.3907407407407407 0.05625 0.08333333333333333
0 0.78046875 0.41064814814814815 0.030729166666666665 0.06759259259259259
0 0.9171875 0.41805555555555557 0.11354166666666667 0.08981481481481482
0 0.9182291666666667 0.41944444444444445 0.11041666666666666 0.08888888888888889
0 0.6580729166666667 0.4361111111111111 0.0828125 0.08888888888888889
0 0.8986979166666667 0.4580277777777778 0.050520833333333334 0.06851851851851852
0 0.8380208333333333 0.4583333333333333 0.05520833333333333 0.07407407407407407
0 0.5330729166666667 0.046296296296296294 0.07864583333333333 0.09074074074074075
0 0.7942708333333334 0.4648148148148148 0.034375 0.05555555555555555
0 0.6447916666666667 0.538425925925926 0.05520833333333333 0.05648148148148148