0 0.40286458333333336 0.15462962962962962 0.0703125 0.09259259259259259
0 0.8986979166666667 0.22175925925925927 0.1515625 0.20833333333333334
0 0.3921875 0.24351851851851852 0.05416666666666667 0.09444444444444444
0 0.3734375 0.24861111111111112 0.06979166666666667 0.09907407407407408
0 0.3223958333333333 0.32916666666666666 0.021875 0.075
0 0.9541666666666667 0.33796296296296297 0.08958333333333333 0.08333333333333333
0 0.5947916666666667 0.3597222222222222 0.027083333333333334 0.07685185185185185
0 0.9325520833333333 0.39490740740740743 0.07864583333333333 0.06388888888888888
0 0.7078125 0.3990740740740741 0.06875 0.06481481481481481
0 0.46979166666666666 0.4 0.05 0.053703703703703705
0 0.7140625 0.40879629629629627 0.034375 0.075