0 0.4192708333333333 0.1439814814814815 0.03229166666666667 0.13425925925925927
0 0.5973958333333333 0.19074074074074074 0.03333333333333333 0.11851851851851852
0 0.7921875 0.19583333333333333 0.21041666666666667 0.1824074074074074
0 0.55 0.028703703703703703 0.06979166666666667 0.05185185185185185
0 0.671875 0.2986111111111111 0.040625 0.08796296296296297
0 0.5041666666666667 0.31851851851851853 0.020833333333333332 0.07037037037037037
0 0.8747395833333333 0.3685185185185185 0.09427083333333333 0.1111111111111111
0 0.47109375 0.3699074074074074 0.058854166666666666 0.09537037037037037
0 0.81640625 0.3972222222222222 0.06302083333333333 0.06296296296296296
0 0.940625 0.4134259259259259 0.10625 0.0824074074074074
0 0.65859375 0.4305555555555556 0.08802083333333334 0.07777777777777778
0 0.8057291666666667 0.4537037037037037 0.03229166666666667 0.07037037037037037
0 0.8544270833333333 0.45694444444444443 0.0828125 0.075
0 0.9036458333333334 0.46574074074074073 0.040625 0.05
0 0.6627604166666666 0.5333333333333333 0.06302083333333333 0.06851851851851852