0 0.8703125 0.19490740740740742 0.128125 0.16018518518518518
0 0.44114583333333335 0.20694444444444443 0.023958333333333335 0.10092592592592593
0 0.46848958333333335 0.25833333333333336 0.0421875 0.12777777777777777
0 0.74609375 0.3050925925925926 0.024479166666666666 0.08796296296296297
0 0.9778645833333334 0.3578703703703704 0.044270833333333336 0.05462962962962963
0 0.6479166666666667 0.38287037037037036 0.035416666666666666 0.05277777777777778
0 0.9778645833333334 0.4097222222222222 0.04114583333333333 0.05092592592592592
0 0.7966145833333333 0.4217592592592593 0.03802083333333333 0.08796296296296297
0 0.7984375 0.4388888888888889 0.041666666666666664 0.07407407407407407
0 0.6291666666666667 0.4546296296296296 0.035416666666666666 0.07407407407407407
0 0.7171875 0.4625 0.029166666666666667 0.075
0 0.6859375 0.48009259259259257 0.029166666666666667 0.075
0 0.6140625 0.4837962962962963 0.05 0.07314814814814814
0 0.91484375 0.06481481481481481 0.16927083333333334 0.12777777777777777