0 0.7341145833333333 0.09537037037037037 0.15052083333333333 0.18888888888888888
0 0.7947916666666667 0.24583333333333332 0.10208333333333333 0.1287037037037037
0 0.453125 0.25416666666666665 0.053125 0.10092592592592593
0 0.7466145833333333 0.30694444444444446 0.0359375 0.08611111111111111
0 0.45286458333333335 0.31574074074074077 0.03177083333333333 0.1111111111111111
0 0.9309895833333334 0.35694444444444445 0.0734375 0.06944444444444445
0 0.6247395833333333 0.3824074074074074 0.050520833333333334 0.07407407407407407
0 0.6833333333333333 0.40555555555555556 0.0375 0.05185185185185185
0 0.9416666666666667 0.4101851851851852 0.07291666666666667 0.06851851851851852
0 0.8268229166666666 0.425 0.0421875 0.08148148148148149
0 0.40598958333333335 0.04398148148148148 0.0921875 0.08611111111111111
0 0.9752604166666666 0.4444444444444444 0.04635416666666667 0.07592592592592592
0 0.73515625 0.4986111111111111 0.028645833333333332 0.0712962962962963