0 0.41484375 0.16666666666666666 0.0328125 0.12777777777777777
0 0.7278645833333334 0.19722222222222222 0.17864583333333334 0.1814814814814815
0 0.5890625 0.2037037037037037 0.046875 0.11851851851851852
0 0.67109375 0.3143518518518518 0.04739583333333333 0.0787037037037037
0 0.4973958333333333 0.3263888888888889 0.030208333333333334 0.05277777777777778
0 0.8705729166666667 0.36435185185185187 0.1140625 0.11018518518518519
0 0.5278645833333333 0.03935185185185185 0.07239583333333334 0.075
0 0.4817708333333333 0.3907407407407407 0.04791666666666667 0.08333333333333333
0 0.7893229166666667 0.3976851851851852 0.04010416666666667 0.06759259259259259
0 0.93359375 0.4074074074074074 0.11614583333333334 0.1
0 0.93203125 0.41898148148148145 0.1140625 0.09351851851851851
0 0.6549479166666666 0.4398148148148148 0.08177083333333333 0.07777777777777778
0 0.7963541666666667 0.4601851851851852 0.028125 0.07222222222222222
0 0.8453125 0.46111111111111114 0.05416666666666667 0.07962962962962963
0 0.8950520833333333 0.46620370370370373 0.04114583333333333 0.058333333333333334
0 0.6528645833333333 0.5375 0.06197916666666667 0.06759259259259259