0 0.3921875 0.21666666666666667 0.0375 0.0962962962962963
0 0.6591145833333333 0.21805555555555556 0.17864583333333334 0.16018518518518518
0 0.5653645833333333 0.23564814814814813 0.05364583333333333 0.10462962962962963
0 0.6497395833333334 0.31851851851851853 0.034895833333333334 0.08148148148148149
0 0.49140625 0.32916666666666666 0.03177083333333333 0.06388888888888888
0 0.6828125 0.3458333333333333 0.03125 0.058333333333333334
0 0.8216145833333334 0.36898148148148147 0.08177083333333333 0.10092592592592593
0 0.7640625 0.38425925925925924 0.03229166666666667 0.07037037037037037
0 0.49921875 0.3962962962962963 0.043229166666666666 0.06481481481481481
0 0.8760416666666667 0.40324074074074073 0.0875 0.07685185185185185
0 0.8947916666666667 0.4050925925925926 0.10729166666666666 0.07314814814814814
0 0.7880208333333333 0.43472222222222223 0.03333333333333333 0.06759259259259259
0 0.8221354166666667 0.4532407407407407 0.04635416666666667 0.05648148148148148
0 0.8830729166666667 0.4601851851851852 0.030729166666666665 0.06296296296296296
0 0.6153645833333333 0.5300925925925926 0.07447916666666667 0.062037037037037036
0 0.4947916666666667 0.060648148148148145 0.0625 0.11944444444444445