0 0.9861979166666667 0.14537037037037037 0.025520833333333333 0.11851851851851852
0 0.4635416666666667 0.15231481481481482 0.04895833333333333 0.1287037037037037
0 0.4979166666666667 0.1736111111111111 0.08645833333333333 0.21944444444444444
0 0.7466145833333333 0.2814814814814815 0.022395833333333334 0.08518518518518518
0 0.6666666666666666 0.39166666666666666 0.06666666666666667 0.12777777777777777
0 0.7684895833333333 0.40555555555555556 0.03802083333333333 0.08148148148148149
0 0.73984375 0.41064814814814815 0.033854166666666664 0.06944444444444445
0 0.8591145833333333 0.4185185185185185 0.0890625 0.1037037037037037
0 0.6380208333333334 0.4236111111111111 0.025 0.09351851851851851
0 0.65546875 0.4337962962962963 0.0265625 0.0712962962962963
0 0.65703125 0.4875 0.0640625 0.0712962962962963