0 0.42473958333333334 0.13287037037037036 0.0359375 0.13055555555555556
0 0.6072916666666667 0.1699074074074074 0.040625 0.14722222222222223
0 0.8109375 0.19212962962962962 0.21145833333333333 0.18055555555555555
0 0.5778645833333333 0.023148148148148147 0.0921875 0.046296296296296294
0 0.6765625 0.2833333333333333 0.03854166666666667 0.1111111111111111
0 0.5044270833333333 0.3074074074074074 0.021354166666666667 0.07037037037037037
0 0.8859375 0.35648148148148145 0.09479166666666666 0.1037037037037037
0 0.4630208333333333 0.3648148148148148 0.06666666666666667 0.09814814814814815
0 0.8268229166666666 0.39166666666666666 0.0734375 0.07037037037037037
0 0.9466145833333334 0.4111111111111111 0.1015625 0.09444444444444444
0 0.6747395833333333 0.43333333333333335 0.06510416666666667 0.09259259259259259
0 0.8114583333333333 0.4550925925925926 0.03854166666666667 0.06759259259259259
0 0.86484375 0.4587962962962963 0.0828125 0.0787037037037037
0 0.9005208333333333 0.4685185185185185 0.03958333333333333 0.05740740740740741
0 0.6635416666666667 0.5319444444444444 0.04791666666666667 0.05648148148148148