0 0.39791666666666664 0.21574074074074073 0.04895833333333333 0.08518518518518518
0 0.6716145833333333 0.2162037037037037 0.1890625 0.16944444444444445
0 0.5697916666666667 0.225 0.04791666666666667 0.09444444444444444
0 0.6528645833333333 0.31666666666666665 0.0328125 0.07777777777777778
0 0.49453125 0.324537037037037 0.03802083333333333 0.05648148148148148
0 0.68046875 0.3458333333333333 0.0234375 0.05648148148148148
0 0.8260416666666667 0.362962962962963 0.08229166666666667 0.09444444444444444
0 0.7658854166666667 0.38564814814814813 0.04114583333333333 0.058333333333333334
0 0.4947916666666667 0.39166666666666666 0.041666666666666664 0.06666666666666667
0 0.89765625 0.4027777777777778 0.09114583333333333 0.08703703703703704
0 0.8822916666666667 0.40324074074074073 0.09375 0.08425925925925926
0 0.7895833333333333 0.44074074074074077 0.028125 0.06296296296296296
0 0.8153645833333333 0.4444444444444444 0.0453125 0.06111111111111111
0 0.8864583333333333 0.45555555555555555 0.03229166666666667 0.046296296296296294
0 0.62734375 0.5277777777777778 0.05572916666666667 0.06481481481481481
0 0.49296875 0.05648148148148148 0.0546875 0.1111111111111111