0 0.4166666666666667 0.15092592592592594 0.034375 0.11851851851851852
0 0.59609375 0.1935185185185185 0.0359375 0.1111111111111111
0 0.7760416666666666 0.20092592592592592 0.196875 0.18888888888888888
0 0.5403645833333334 0.03009259259259259 0.0640625 0.05648148148148148
0 0.6684895833333333 0.30416666666666664 0.04114583333333333 0.08611111111111111
0 0.503125 0.3087962962962963 0.023958333333333335 0.0787037037037037
0 0.8684895833333334 0.3680555555555556 0.09427083333333333 0.10462962962962963
0 0.47291666666666665 0.36944444444444446 0.057291666666666664 0.09259259259259259
0 0.9440104166666666 0.4101851851851852 0.10885416666666667 0.09259259259259259
0 0.9421875 0.4118796296296296 0.11458333333333333 0.09351851851851851
0 0.6674479166666667 0.4263888888888889 0.06197916666666667 0.075
0 0.8098958333333334 0.45925925925925926 0.0375 0.07037037037037037
0 0.8541666666666666 0.46296296296296297 0.10208333333333333 0.07407407407407407
0 0.9026041666666667 0.46944444444444444 0.05 0.05740740740740741
0 0.66171875 0.5365740740740741 0.06302083333333333 0.07685185185185185