0 0.37786458333333334 0.038425925925925926 0.1015625 0.075
0 0.7809895833333333 0.09907407407407408 0.19427083333333334 0.19444444444444445
0 0.7955729166666666 0.24444444444444444 0.09635416666666667 0.13703703703703704
0 0.9393229166666667 0.3587962962962963 0.07864583333333333 0.06574074074074074
0 0.9497395833333333 0.40555555555555556 0.06822916666666666 0.06851851851851852
0 0.9778645833333334 0.44814814814814813 0.04114583333333333 0.06851851851851852
0 0.44973958333333336 0.2523148148148148 0.049479166666666664 0.09907407407407408
0 0.45286458333333335 0.3106481481481482 0.0296875 0.11944444444444445
0 0.6330729166666667 0.38101851851851853 0.049479166666666664 0.0787037037037037
0 0.7411458333333333 0.3055555555555556 0.026041666666666668 0.08518518518518518
0 0.6666666666666666 0.47685185185185186 0.041666666666666664 0.06481481481481481
0 0.7692708333333333 0.41712962962962963 0.05 0.07685185185185185
0 0.7333333333333333 0.4935185185185185 0.026041666666666668 0.06296296296296296
0 0.8197916666666667 0.42268518518518516 0.03229166666666667 0.06944444444444445