0 0.4122395833333333 0.1439814814814815 0.07552083333333333 0.11388888888888889
0 0.9041666666666667 0.225 0.146875 0.2
0 0.96171875 0.33425925925925926 0.07552083333333333 0.08148148148148149
0 0.9416666666666667 0.39444444444444443 0.07916666666666666 0.07407407407407407
0 0.4005208333333333 0.24305555555555555 0.05625 0.09907407407407408
0 0.7135416666666666 0.40324074074074073 0.06770833333333333 0.07314814814814814
0 0.7166666666666667 0.40555555555555556 0.03125 0.08148148148148149
0 0.31979166666666664 0.3296296296296296 0.028125 0.06296296296296296
0 0.3729166666666667 0.262037037037037 0.07083333333333333 0.09444444444444444
0 0.47604166666666664 0.37083333333333335 0.04583333333333333 0.06574074074074074
0 0.5942708333333333 0.362962962962963 0.026041666666666668 0.07037037037037037