0 0.8841145833333334 0.18518518518518517 0.1203125 0.1685185185185185
0 0.4421875 0.19398148148148148 0.03125 0.11944444444444445
0 0.478125 0.24444444444444444 0.05 0.14074074074074075
0 0.7466145833333333 0.3055555555555556 0.025520833333333333 0.08333333333333333
0 0.9807291666666667 0.3685185185185185 0.03854166666666667 0.05555555555555555
0 0.6559895833333333 0.38472222222222224 0.044270833333333336 0.06944444444444445
0 0.7903645833333334 0.41388888888888886 0.043229166666666666 0.09074074074074075
0 0.9794270833333333 0.4152777777777778 0.04010416666666667 0.058333333333333334
0 0.8072916666666666 0.42453703703703705 0.06145833333333333 0.09351851851851851
0 0.7046875 0.4601851851851852 0.051041666666666666 0.08148148148148149
0 0.6330729166666667 0.46296296296296297 0.03697916666666667 0.07037037037037037
0 0.6197916666666666 0.48703703703703705 0.04791666666666667 0.06851851851851852
0 0.9354166666666667 0.05648148148148148 0.12916666666666668 0.1111111111111111