0 0.5171875 0.18101851851851852 0.052083333333333336 0.18055555555555555
0 0.9690104166666667 0.14027777777777778 0.058854166666666666 0.1527777777777778
0 0.8403645833333333 0.41712962962962963 0.06927083333333334 0.10092592592592593
0 0.6385416666666667 0.4361111111111111 0.01875 0.06851851851851852
0 0.6591145833333333 0.44907407407407407 0.028645833333333332 0.05555555555555555
0 0.7747395833333334 0.4060185185185185 0.03802083333333333 0.0712962962962963
0 0.6515625 0.4875 0.06354166666666666 0.075
0 0.68046875 0.4060185185185185 0.0484375 0.10462962962962963
0 0.45989583333333334 0.16620370370370371 0.046875 0.12129629629629629
0 0.7380208333333333 0.41898148148148145 0.025 0.07314814814814814
0 0.7497395833333333 0.29212962962962963 0.022395833333333334 0.06388888888888888