0 0.415625 0.1648148148148148 0.034375 0.11666666666666667
0 0.75859375 0.1935185185185185 0.1890625 0.18518518518518517
0 0.5916666666666667 0.20092592592592592 0.041666666666666664 0.09814814814814815
0 0.6692708333333334 0.30694444444444446 0.04583333333333333 0.08425925925925926
0 0.49973958333333335 0.31574074074074077 0.022395833333333334 0.06666666666666667
0 0.53359375 0.03333333333333333 0.0734375 0.06111111111111111
0 0.8653645833333333 0.3680555555555556 0.09635416666666667 0.10648148148148148
0 0.47734375 0.38101851851851853 0.050520833333333334 0.08611111111111111
0 0.7942708333333334 0.39444444444444443 0.0375 0.08888888888888889
0 0.9375 0.41203703703703703 0.1125 0.08703703703703704
0 0.93671875 0.4166666666666667 0.10989583333333333 0.08148148148148149
0 0.66796875 0.42592592592592593 0.0734375 0.05925925925925926
0 0.8479166666666667 0.462037037037037 0.075 0.06296296296296296
0 0.8013020833333333 0.46296296296296297 0.025520833333333333 0.06481481481481481
0 0.8994791666666667 0.46296296296296297 0.04583333333333333 0.05925925925925926
0 0.6528645833333333 0.5337962962962963 0.05260416666666667 0.06388888888888888