0 0.6268229166666667 0.2273148148148148 0.13489583333333333 0.1638888888888889
0 0.3875 0.23657407407407408 0.041666666666666664 0.0712962962962963
0 0.5479166666666667 0.25277777777777777 0.04791666666666667 0.07592592592592592
0 0.6497395833333334 0.32222222222222224 0.04114583333333333 0.08888888888888889
0 0.4828125 0.32685185185185184 0.03958333333333333 0.06296296296296296
0 0.6747395833333333 0.3458333333333333 0.0234375 0.04722222222222222
0 0.8072916666666666 0.3731481481481482 0.06875 0.09444444444444444
0 0.8893229166666666 0.4023148148148148 0.09739583333333333 0.08796296296296297
0 0.8703125 0.4060185185185185 0.09375 0.0787037037037037
0 0.78203125 0.44722222222222224 0.0421875 0.05185185185185185
0 0.87421875 0.4550925925925926 0.0515625 0.04537037037037037
0 0.8046875 0.4625 0.03125 0.04537037037037037
0 0.6143229166666667 0.5259259259259259 0.050520833333333334 0.05555555555555555
0 0.49609375 0.07037037037037037 0.08489583333333334 0.1388888888888889