0 0.4986979166666667 0.21851851851851853 0.059895833333333336 0.16666666666666666
0 0.44166666666666665 0.19166666666666668 0.036458333333333336 0.1111111111111111
0 0.9184895833333333 0.15601851851851853 0.1421875 0.18981481481481483
0 0.7010416666666667 0.44074074074074077 0.052083333333333336 0.1
0 0.81171875 0.4305555555555556 0.0609375 0.08333333333333333
0 0.78359375 0.4046296296296296 0.027604166666666666 0.08888888888888889
0 0.74921875 0.2935185185185185 0.0265625 0.07592592592592592
0 0.6322916666666667 0.48055555555555557 0.06770833333333333 0.07407407407407407
0 0.6278645833333333 0.45601851851851855 0.0359375 0.06388888888888888
0 0.9640625 0.04398148148148148 0.06979166666666667 0.08611111111111111
0 0.9830729166666666 0.36666666666666664 0.0296875 0.05740740740740741
0 0.6559895833333333 0.3912037037037037 0.034895833333333334 0.058333333333333334
0 0.9828125 0.4152777777777778 0.034375 0.05462962962962963