0 0.9278645833333333 0.16157407407407406 0.1390625 0.18055555555555555
0 0.4434895833333333 0.17175925925925925 0.0359375 0.13055555555555556
0 0.5010416666666667 0.21851851851851853 0.06458333333333334 0.15185185185185185
0 0.7479166666666667 0.2949074074074074 0.023958333333333335 0.06944444444444445
0 0.9721354166666667 0.0375 0.05260416666666667 0.06944444444444445
0 0.65625 0.3861111111111111 0.036458333333333336 0.05925925925925926
0 0.9817708333333334 0.38981481481481484 0.03229166666666667 0.1
0 0.7783854166666667 0.3990740740740741 0.030729166666666665 0.07962962962962963
0 0.8104166666666667 0.41805555555555557 0.06979166666666667 0.07685185185185185
0 0.6997395833333333 0.4305555555555556 0.04114583333333333 0.11481481481481481
0 0.6330729166666667 0.45601851851851855 0.033854166666666664 0.06388888888888888
0 0.6322916666666667 0.48055555555555557 0.06770833333333333 0.07407407407407407