0 0.38515625 0.17546296296296296 0.0640625 0.0824074074074074
0 0.8395833333333333 0.22870370370370371 0.11875 0.2
0 0.9911458333333333 0.2337962962962963 0.017708333333333333 0.0824074074074074
0 0.38828125 0.2569444444444444 0.0703125 0.09537037037037037
0 0.9296875 0.3416666666666667 0.09375 0.07962962962962963
0 0.31614583333333335 0.3541666666666667 0.013541666666666667 0.058333333333333334
0 0.5885416666666666 0.3763888888888889 0.021875 0.05462962962962963
0 0.44166666666666665 0.3958333333333333 0.040625 0.06574074074074074
0 0.6997395833333333 0.40046296296296297 0.07552083333333333 0.062037037037037036
0 0.8997395833333334 0.4046296296296296 0.08072916666666667 0.06481481481481481
0 0.7041666666666667 0.4148148148148148 0.03229166666666667 0.07037037037037037