0 0.40598958333333335 0.15555555555555556 0.06927083333333334 0.07962962962962963
0 0.9015625 0.22175925925925927 0.15 0.20277777777777778
0 0.39921875 0.24305555555555555 0.0640625 0.09537037037037037
0 0.3723958333333333 0.25555555555555554 0.06666666666666667 0.1
0 0.31979166666666664 0.3300925925925926 0.021875 0.06018518518518518
0 0.9578125 0.3351851851851852 0.08229166666666667 0.08518518518518518
0 0.5963541666666666 0.3662037037037037 0.027083333333333334 0.08425925925925926
0 0.4703125 0.3824074074074074 0.051041666666666666 0.06481481481481481
0 0.9375 0.39537037037037037 0.084375 0.05925925925925926
0 0.7135416666666666 0.4 0.06770833333333333 0.06851851851851852
0 0.7122395833333334 0.4078703703703704 0.03177083333333333 0.06944444444444445