0 0.7635416666666667 0.10138888888888889 0.17604166666666668 0.19907407407407407
0 0.45286458333333335 0.2449074074074074 0.0578125 0.12129629629629629
0 0.7942708333333334 0.24768518518518517 0.09791666666666667 0.12314814814814815
0 0.7421875 0.3055555555555556 0.023958333333333335 0.09074074074074075
0 0.45286458333333335 0.31342592592592594 0.0359375 0.11388888888888889
0 0.9408854166666667 0.3611111111111111 0.08072916666666667 0.06666666666666667
0 0.63046875 0.387037037037037 0.0546875 0.06851851851851852
0 0.3880208333333333 0.03981481481481482 0.09895833333333333 0.07777777777777778
0 0.9471354166666667 0.40555555555555556 0.07239583333333334 0.06481481481481481
0 0.7622395833333333 0.4199074074074074 0.0515625 0.0787037037037037
0 0.8205729166666667 0.42824074074074076 0.0359375 0.08796296296296297
0 0.9778645833333334 0.44351851851851853 0.0421875 0.07592592592592592
0 0.6697916666666667 0.4699074074074074 0.05 0.06944444444444445
0 0.7333333333333333 0.4986111111111111 0.022916666666666665 0.062037037037037036