0 0.3997395833333333 0.20925925925925926 0.050520833333333334 0.08148148148148149
0 0.68359375 0.21805555555555556 0.18489583333333334 0.16574074074074074
0 0.5778645833333333 0.2273148148148148 0.0515625 0.11203703703703703
0 0.6572916666666667 0.31851851851851853 0.042708333333333334 0.08333333333333333
0 0.4942708333333333 0.3212962962962963 0.0375 0.05925925925925926
0 0.6817708333333333 0.34814814814814815 0.026041666666666668 0.05555555555555555
0 0.8309895833333333 0.3680555555555556 0.08697916666666666 0.10462962962962963
0 0.48854166666666665 0.39305555555555555 0.05520833333333333 0.075
0 0.8932291666666666 0.4023148148148148 0.09479166666666666 0.08796296296296297
0 0.8885416666666667 0.4074074074074074 0.096875 0.09814814814814815
0 0.6239583333333333 0.4375 0.08958333333333333 0.07314814814814814
0 0.8890625 0.4444444444444444 0.036458333333333336 0.06851851851851852
0 0.7864583333333334 0.4537037037037037 0.029166666666666667 0.07407407407407407
0 0.8221354166666667 0.4550925925925926 0.0359375 0.058333333333333334
0 0.5109375 0.05138888888888889 0.05 0.10092592592592593
0 0.6247395833333333 0.5268518518518519 0.0640625 0.06111111111111111