0 0.8510416666666667 0.2175925925925926 0.13645833333333332 0.15
0 0.43645833333333334 0.21944444444444444 0.029166666666666667 0.09814814814814815
0 0.4630208333333333 0.28055555555555556 0.053125 0.13333333333333333
0 0.7434895833333334 0.3013888888888889 0.0234375 0.07314814814814814
0 0.9666666666666667 0.3597222222222222 0.06354166666666666 0.05648148148148148
0 0.6403645833333333 0.38055555555555554 0.0421875 0.05555555555555555
0 0.9716145833333333 0.4060185185185185 0.0515625 0.05648148148148148
0 0.7947916666666667 0.4166666666666667 0.04895833333333333 0.07592592592592592
0 0.7822916666666667 0.41759259259259257 0.03854166666666667 0.08148148148148149
0 0.9885416666666667 0.4486111111111111 0.022916666666666665 0.0787037037037037
0 0.6234375 0.462037037037037 0.030208333333333334 0.05925925925925926
0 0.7247395833333333 0.48055555555555557 0.0296875 0.07407407407407407
0 0.6809895833333334 0.48194444444444445 0.034895833333333334 0.06944444444444445
0 0.8822916666666667 0.07916666666666666 0.23333333333333334 0.15462962962962962