0 0.98125 0.1412037037037037 0.034375 0.14351851851851852
0 0.4622395833333333 0.14351851851851852 0.0421875 0.14814814814814814
0 0.5059895833333333 0.18101851851851852 0.06927083333333334 0.21574074074074073
0 0.7479166666666667 0.2884259259259259 0.020833333333333332 0.07314814814814814
0 0.6653645833333334 0.3907407407407407 0.0671875 0.12037037037037036
0 0.7734375 0.4134259259259259 0.035416666666666666 0.075
0 0.7372395833333333 0.41388888888888886 0.0328125 0.06481481481481481
0 0.8510416666666667 0.41805555555555557 0.08645833333333333 0.10648148148148148
0 0.6385416666666667 0.4310185185185185 0.017708333333333333 0.075
0 0.6559895833333333 0.4449074074074074 0.024479166666666666 0.058333333333333334
0 0.6466145833333333 0.4810185185185185 0.0453125 0.05277777777777778