0 0.41041666666666665 0.1935185185185185 0.03333333333333333 0.09259259259259259
0 0.7153645833333333 0.20092592592592592 0.17135416666666667 0.1685185185185185
0 0.5859375 0.2111111111111111 0.04583333333333333 0.10740740740740741
0 0.6703125 0.31203703703703706 0.051041666666666666 0.07962962962962963
0 0.4942708333333333 0.33101851851851855 0.036458333333333336 0.05092592592592592
0 0.8671875 0.37453703703703706 0.10520833333333333 0.09351851851851851
0 0.4778645833333333 0.3902777777777778 0.0546875 0.0824074074074074
0 0.7875 0.40046296296296297 0.053125 0.06944444444444445
0 0.9296875 0.41805555555555557 0.10520833333333333 0.10462962962962963
0 0.9255208333333333 0.42453703703703705 0.11145833333333334 0.10648148148148148
0 0.64921875 0.43796296296296294 0.09427083333333333 0.07962962962962963
0 0.79453125 0.4583333333333333 0.0359375 0.05925925925925926
0 0.8403645833333333 0.46111111111111114 0.0578125 0.05740740740740741
0 0.8984375 0.46435185185185185 0.04791666666666667 0.058333333333333334
0 0.5291666666666667 0.047685185185185185 0.07708333333333334 0.09351851851851851
0 0.6466145833333333 0.5356481481481481 0.0578125 0.058333333333333334