0 0.38229166666666664 0.18101851851851852 0.0625 0.075
0 0.984375 0.22546296296296298 0.029166666666666667 0.11388888888888889
0 0.83203125 0.22870370370370371 0.11197916666666667 0.2037037037037037
0 0.3736979166666667 0.2513888888888889 0.0484375 0.09351851851851851
0 0.9276041666666667 0.3435185185185185 0.09583333333333334 0.08333333333333333
0 0.31796875 0.350462962962963 0.016145833333333335 0.049074074074074076
0 0.58828125 0.36898148148148147 0.022395833333333334 0.0712962962962963
0 0.43828125 0.3773148148148148 0.0421875 0.05648148148148148
0 0.69609375 0.4041666666666667 0.06927083333333334 0.06018518518518518
0 0.90234375 0.40694444444444444 0.06927083333333334 0.06574074074074074
0 0.7028645833333333 0.4125 0.030729166666666665 0.0712962962962963