0 0.596875 0.22592592592592592 0.159375 0.14814814814814814
0 0.37786458333333334 0.24351851851851852 0.03802083333333333 0.08518518518518518
0 0.64609375 0.3263888888888889 0.049479166666666664 0.07685185185185185
0 0.48489583333333336 0.3347222222222222 0.04895833333333333 0.06944444444444445
0 0.6716145833333333 0.350462962962963 0.0203125 0.05092592592592592
0 0.8028645833333333 0.37222222222222223 0.08177083333333333 0.09444444444444444
0 0.85859375 0.4009259259259259 0.09947916666666666 0.07962962962962963
0 0.87109375 0.4013888888888889 0.10364583333333334 0.062037037037037036
0 0.8755208333333333 0.4532407407407407 0.052083333333333336 0.04722222222222222
0 0.7841145833333333 0.45555555555555555 0.03177083333333333 0.05555555555555555
0 0.6067708333333334 0.5208333333333334 0.053125 0.05648148148148148
0 0.4921875 0.08009259259259259 0.07708333333333334 0.1287037037037037