0 0.8635416666666667 0.2050925925925926 0.13229166666666667 0.15648148148148147
0 0.43723958333333335 0.21805555555555556 0.028645833333333332 0.10277777777777777
0 0.46848958333333335 0.25601851851851853 0.0421875 0.13425925925925927
0 0.7466145833333333 0.3023148148148148 0.0265625 0.08425925925925926
0 0.9729166666666667 0.35462962962962963 0.051041666666666666 0.05740740740740741
0 0.6434895833333333 0.38055555555555554 0.0359375 0.05740740740740741
0 0.9747395833333333 0.4060185185185185 0.0453125 0.05462962962962963
0 0.7854166666666667 0.4148148148148148 0.0375 0.07592592592592592
0 0.7947916666666667 0.4185185185185185 0.052083333333333336 0.0962962962962963
0 0.9916666666666667 0.45046296296296295 0.016666666666666666 0.0712962962962963
0 0.6231770833333333 0.4634259259259259 0.028645833333333332 0.06388888888888888
0 0.7203125 0.46620370370370373 0.027083333333333334 0.06759259259259259
0 0.6846354166666667 0.4699074074074074 0.0296875 0.06574074074074074
0 0.6145833333333334 0.47824074074074074 0.0375 0.06574074074074074
0 0.9015625 0.06527777777777778 0.19583333333333333 0.12685185185185185