0 0.3229166666666667 0.32175925925925924 0.027083333333333334 0.06388888888888888
0 0.41354166666666664 0.14629629629629629 0.05520833333333333 0.09074074074074075
0 0.9135416666666667 0.21898148148148147 0.13541666666666666 0.2101851851851852
0 0.9723958333333333 0.33101851851851855 0.05520833333333333 0.08055555555555556
0 0.9479166666666666 0.3921296296296296 0.07916666666666666 0.058333333333333334
0 0.4315104166666667 0.2337962962962963 0.08385416666666666 0.11388888888888889
0 0.3984375 0.25601851851851853 0.09895833333333333 0.08796296296296297
0 0.7190104166666667 0.4083333333333333 0.04010416666666667 0.07777777777777778
0 0.5947916666666667 0.3537037037037037 0.03958333333333333 0.06851851851851852
0 0.47213541666666664 0.3768518518518518 0.0640625 0.07407407407407407
0 0.7424479166666667 0.39675925925925926 0.049479166666666664 0.06759259259259259