0 0.41041666666666665 0.25601851851851853 0.10833333333333334 0.08981481481481482
0 0.43411458333333336 0.22916666666666666 0.07864583333333333 0.1175925925925926
0 0.4153645833333333 0.13425925925925927 0.05572916666666667 0.09444444444444444
0 0.9234375 0.2064814814814815 0.134375 0.22407407407407406
0 0.95234375 0.3912037037037037 0.07552083333333333 0.0787037037037037
0 0.9760416666666667 0.33055555555555555 0.04375 0.07592592592592592
0 0.7216145833333333 0.3939814814814815 0.03802083333333333 0.075
0 0.6059895833333333 0.35185185185185186 0.0359375 0.07407407407407407
0 0.3216145833333333 0.30833333333333335 0.0234375 0.05555555555555555
0 0.7505208333333333 0.3990740740740741 0.05520833333333333 0.05925925925925926
0 0.4778645833333333 0.37453703703703706 0.05364583333333333 0.06944444444444445