0 0.3229166666666667 0.3138888888888889 0.022916666666666665 0.06111111111111111
0 0.41484375 0.14351851851851852 0.0546875 0.1
0 0.4354166666666667 0.2310185185185185 0.08125 0.12314814814814815
0 0.4010416666666667 0.25601851851851853 0.10833333333333334 0.09722222222222222
0 0.9184895833333333 0.2125 0.1359375 0.21944444444444444
0 0.60546875 0.3587962962962963 0.034895833333333334 0.06944444444444445
0 0.72109375 0.4023148148148148 0.0421875 0.07314814814814814
0 0.9497395833333333 0.38935185185185184 0.07760416666666667 0.06574074074074074
0 0.9760416666666667 0.33101851851851855 0.04791666666666667 0.075
0 0.7466145833333333 0.3958333333333333 0.05364583333333333 0.06388888888888888
0 0.48020833333333335 0.38935185185185184 0.05520833333333333 0.09166666666666666