0 0.86875 0.2638888888888889 0.06041666666666667 0.05555555555555555
0 0.98984375 0.26666666666666666 0.019270833333333334 0.06851851851851852
0 0.8651041666666667 0.3106481481481482 0.06041666666666667 0.058333333333333334
0 0.6440104166666667 0.32407407407407407 0.027604166666666666 0.044444444444444446
0 0.9645833333333333 0.3416666666666667 0.0625 0.06851851851851852
0 0.7080729166666667 0.3472222222222222 0.04114583333333333 0.05555555555555555
0 0.47890625 0.3685185185185185 0.025520833333333333 0.044444444444444446
0 0.8309895833333333 0.3773148148148148 0.05572916666666667 0.049074074074074076
0 0.9747395833333333 0.3824074074074074 0.0484375 0.04814814814814815
0 0.7833333333333333 0.399537037037037 0.06458333333333334 0.05462962962962963
0 0.8791666666666667 0.4046296296296296 0.10104166666666667 0.05555555555555555