0 0.42213541666666665 0.1388888888888889 0.0484375 0.09444444444444444
0 0.9377604166666667 0.21851851851851853 0.12239583333333333 0.21666666666666667
0 0.4466145833333333 0.2199074074074074 0.08072916666666667 0.10462962962962963
0 0.4354166666666667 0.25462962962962965 0.12395833333333334 0.08518518518518518
0 0.32786458333333335 0.29907407407407405 0.027604166666666666 0.0962962962962963
0 0.9822916666666667 0.3365740740740741 0.03333333333333333 0.08611111111111111
0 0.60859375 0.35462962962962963 0.03697916666666667 0.07037037037037037
0 0.4895833333333333 0.3921296296296296 0.03333333333333333 0.058333333333333334
0 0.96171875 0.39305555555555555 0.0734375 0.06018518518518518
0 0.7236979166666667 0.4009259259259259 0.03177083333333333 0.07037037037037037
0 0.7606770833333333 0.4125 0.03697916666666667 0.06574074074074074