0 0.6010416666666667 0.22268518518518518 0.15520833333333334 0.14907407407407408
0 0.3765625 0.24583333333333332 0.035416666666666666 0.0824074074074074
0 0.5484375 0.2611111111111111 0.06666666666666667 0.07962962962962963
0 0.6497395833333334 0.3189814814814815 0.044270833333333336 0.07685185185185185
0 0.48098958333333336 0.33101851851851855 0.033854166666666664 0.062037037037037036
0 0.675 0.3458333333333333 0.01875 0.05092592592592592
0 0.8028645833333333 0.37453703703703706 0.0765625 0.08055555555555556
0 0.8755208333333333 0.39351851851851855 0.09791666666666667 0.07407407407407407
0 0.8598958333333333 0.39861111111111114 0.10104166666666667 0.075
0 0.87734375 0.4546296296296296 0.044270833333333336 0.05
0 0.7778645833333333 0.45694444444444443 0.044270833333333336 0.05462962962962963
0 0.6067708333333334 0.5231481481481481 0.053125 0.06111111111111111
0 0.4859375 0.08055555555555556 0.06458333333333334 0.12407407407407407