0 0.8453125 0.21805555555555556 0.13020833333333334 0.14907407407407408
0 0.43671875 0.22407407407407406 0.0296875 0.09259259259259259
0 0.4622395833333333 0.28425925925925927 0.0515625 0.1111111111111111
0 0.74296875 0.30648148148148147 0.0265625 0.07592592592592592
0 0.9640625 0.3574074074074074 0.06666666666666667 0.06111111111111111
0 0.6416666666666667 0.38101851851851853 0.04479166666666667 0.06574074074074074
0 0.9697916666666667 0.40694444444444444 0.05625 0.05462962962962963
0 0.7768229166666667 0.42083333333333334 0.044270833333333336 0.0712962962962963
0 0.8028645833333333 0.425462962962963 0.0359375 0.06574074074074074
0 0.9875 0.4449074074074074 0.023958333333333335 0.0787037037037037
0 0.6197916666666666 0.45555555555555555 0.026041666666666668 0.05555555555555555
0 0.725 0.47129629629629627 0.034375 0.08518518518518518
0 0.68125 0.4810185185185185 0.042708333333333334 0.06944444444444445
0 0.86875 0.08101851851851852 0.2375 0.16018518518518518