0 0.44036458333333334 0.19305555555555556 0.0390625 0.11203703703703703
0 0.48932291666666666 0.22314814814814815 0.05364583333333333 0.15555555555555556
0 0.9041666666666667 0.16805555555555557 0.12604166666666666 0.1824074074074074
0 0.9809895833333333 0.3912037037037037 0.0328125 0.09722222222222222
0 0.9536458333333333 0.05324074074074074 0.09166666666666666 0.10462962962962963
0 0.7018229166666666 0.4444444444444444 0.049479166666666664 0.0962962962962963
0 0.7828125 0.4050925925925926 0.021875 0.08981481481481482
0 0.8140625 0.4310185185185185 0.06041666666666667 0.0787037037037037
0 0.7453125 0.29814814814814816 0.028125 0.06851851851851852
0 0.6265625 0.4824074074074074 0.05 0.06666666666666667
0 0.6317708333333333 0.46064814814814814 0.03125 0.05462962962962963
0 0.6572916666666667 0.3912037037037037 0.03854166666666667 0.06759259259259259