0 0.93359375 0.1597222222222222 0.1296875 0.18055555555555555
0 0.44479166666666664 0.17777777777777778 0.035416666666666666 0.12962962962962962
0 0.5041666666666667 0.21805555555555556 0.07395833333333333 0.14351851851851852
0 0.74921875 0.2898148148148148 0.030729166666666665 0.0962962962962963
0 0.9854166666666667 0.03564814814814815 0.029166666666666667 0.06759259259259259
0 0.98515625 0.3912037037037037 0.0265625 0.09351851851851851
0 0.78125 0.4013888888888889 0.034375 0.08796296296296297
0 0.8166666666666667 0.4287037037037037 0.07083333333333333 0.07777777777777778
0 0.7028645833333333 0.4310185185185185 0.0421875 0.11388888888888889
0 0.6322916666666667 0.45555555555555555 0.034375 0.05740740740740741
0 0.6354166666666666 0.4810185185185185 0.058333333333333334 0.06388888888888888