0 0.3684895833333333 0.03518518518518519 0.10260416666666666 0.06851851851851852
0 0.79921875 0.09768518518518518 0.21197916666666666 0.1935185185185185
0 0.7966145833333333 0.24027777777777778 0.09322916666666667 0.15092592592592594
0 0.9416666666666667 0.35555555555555557 0.078125 0.06111111111111111
0 0.9497395833333333 0.4060185185185185 0.0671875 0.062037037037037036
0 0.9796875 0.44305555555555554 0.03854166666666667 0.07314814814814814
0 0.45286458333333335 0.3055555555555556 0.0328125 0.12222222222222222
0 0.45286458333333335 0.25324074074074077 0.0453125 0.10462962962962963
0 0.6291666666666667 0.38055555555555554 0.0375 0.07407407407407407
0 0.7411458333333333 0.30462962962962964 0.026041666666666668 0.07962962962962963
0 0.7692708333333333 0.41805555555555557 0.05625 0.08425925925925926
0 0.6166666666666667 0.47685185185185186 0.027083333333333334 0.10185185185185185
0 0.8197916666666667 0.42777777777777776 0.023958333333333335 0.06111111111111111
0 0.6677083333333333 0.47962962962962963 0.04895833333333333 0.05740740740740741
0 0.7328125 0.5023148148148148 0.027083333333333334 0.062037037037037036