0 0.8653645833333333 0.19537037037037036 0.13072916666666667 0.1537037037037037
0 0.4390625 0.21064814814814814 0.021875 0.1175925925925926
0 0.4661458333333333 0.2611111111111111 0.042708333333333334 0.13148148148148148
0 0.7434895833333334 0.3013888888888889 0.021354166666666667 0.06944444444444445
0 0.9747395833333333 0.35555555555555557 0.04739583333333333 0.05555555555555555
0 0.6434895833333333 0.3814814814814815 0.033854166666666664 0.05185185185185185
0 0.9760416666666667 0.40555555555555556 0.04479166666666667 0.05
0 0.7861979166666667 0.4152777777777778 0.03802083333333333 0.07685185185185185
0 0.7934895833333333 0.4199074074074074 0.04010416666666667 0.075
0 0.6265625 0.45601851851851855 0.03125 0.0787037037037037
0 0.7184895833333333 0.46111111111111114 0.028645833333333332 0.07962962962962963
0 0.6830729166666667 0.47314814814814815 0.030729166666666665 0.06296296296296296
0 0.6205729166666667 0.4787037037037037 0.044270833333333336 0.07407407407407407
0 0.9072916666666667 0.06157407407407407 0.18333333333333332 0.12129629629629629