0 0.89296875 0.18101851851851852 0.1203125 0.1712962962962963
0 0.43854166666666666 0.1865740740740741 0.03854166666666667 0.13055555555555556
0 0.48541666666666666 0.23425925925925925 0.051041666666666666 0.15555555555555556
0 0.7479166666666667 0.30277777777777776 0.027083333333333334 0.07037037037037037
0 0.98203125 0.3712962962962963 0.034895833333333334 0.04814814814814815
0 0.6580729166666667 0.3907407407407407 0.043229166666666666 0.06851851851851852
0 0.98125 0.4166666666666667 0.035416666666666666 0.05185185185185185
0 0.7885416666666667 0.4185185185185185 0.0375 0.09814814814814815
0 0.8104166666666667 0.4287037037037037 0.06979166666666667 0.08888888888888889
0 0.7036458333333333 0.45601851851851855 0.04895833333333333 0.09351851851851851
0 0.6322916666666667 0.4625 0.0375 0.05648148148148148
0 0.61875 0.48055555555555557 0.05 0.07222222222222222
0 0.9434895833333333 0.05462962962962963 0.1109375 0.10555555555555556