0 0.9078125 0.22824074074074074 0.14583333333333334 0.19537037037037036
0 0.9643229166666667 0.33240740740740743 0.06927083333333334 0.08333333333333333
0 0.9473958333333333 0.39305555555555555 0.08229166666666667 0.058333333333333334
0 0.7203125 0.4 0.06979166666666667 0.06851851851851852
0 0.7166666666666667 0.4050925925925926 0.030208333333333334 0.07685185185185185
0 0.5997395833333333 0.35185185185185186 0.0328125 0.08148148148148149
0 0.41354166666666664 0.23194444444444445 0.052083333333333336 0.11388888888888889
0 0.41302083333333334 0.1439814814814815 0.07604166666666666 0.10648148148148148
0 0.3229166666666667 0.32314814814814813 0.029166666666666667 0.06666666666666667
0 0.3736979166666667 0.26805555555555555 0.07135416666666666 0.08425925925925926
0 0.4778645833333333 0.36712962962962964 0.0484375 0.0787037037037037