0 0.4171875 0.16666666666666666 0.03229166666666667 0.12222222222222222
0 0.7424479166666667 0.1935185185185185 0.18177083333333333 0.18518518518518517
0 0.5885416666666666 0.20694444444444443 0.04583333333333333 0.10277777777777777
0 0.6716145833333333 0.3101851851851852 0.0484375 0.08148148148148149
0 0.5 0.3287037037037037 0.030208333333333334 0.06481481481481481
0 0.5291666666666667 0.03611111111111111 0.07708333333333334 0.07222222222222222
0 0.86875 0.3731481481481482 0.10520833333333333 0.10740740740740741
0 0.4786458333333333 0.387037037037037 0.053125 0.07777777777777778
0 0.7934895833333333 0.38981481481481484 0.04635416666666667 0.07222222222222222
0 0.9356770833333333 0.4097222222222222 0.10885416666666667 0.09351851851851851
0 0.9330729166666667 0.4152777777777778 0.10677083333333333 0.08611111111111111
0 0.65546875 0.4337962962962963 0.07760416666666667 0.07685185185185185
0 0.84921875 0.4638888888888889 0.05677083333333333 0.07037037037037037
0 0.8994791666666667 0.4648148148148148 0.04791666666666667 0.05555555555555555
0 0.7986979166666667 0.4652777777777778 0.030729166666666665 0.06574074074074074
0 0.6541666666666667 0.538425925925926 0.06041666666666667 0.06388888888888888