0 0.5890625 0.22685185185185186 0.16354166666666667 0.14629629629629629
0 0.37734375 0.25277777777777777 0.04635416666666667 0.09074074074074075
0 0.6479166666666667 0.31851851851851853 0.042708333333333334 0.08518518518518518
0 0.48411458333333335 0.33055555555555555 0.0359375 0.05925925925925926
0 0.7997395833333333 0.3685185185185185 0.0828125 0.09444444444444444
0 0.8463541666666666 0.39351851851851855 0.05625 0.06296296296296296
0 0.8690104166666667 0.40046296296296297 0.0703125 0.062037037037037036
0 0.8716145833333333 0.45231481481481484 0.0421875 0.05092592592592592
0 0.7700520833333333 0.45555555555555555 0.043229166666666666 0.06851851851851852
0 0.7908854166666667 0.4652777777777778 0.03697916666666667 0.058333333333333334
0 0.5919270833333333 0.5226851851851851 0.0484375 0.05277777777777778
0 0.4778645833333333 0.07731481481481481 0.0671875 0.15092592592592594