0 0.43645833333333334 0.13564814814814816 0.034375 0.10092592592592593
0 0.9434895833333333 0.22407407407407406 0.11197916666666667 0.20925925925925926
0 0.45 0.23842592592592593 0.06875 0.10648148148148148
0 0.446875 0.25462962962962965 0.125 0.08333333333333333
0 0.3328125 0.2953703703703704 0.03125 0.09074074074074075
0 0.98828125 0.3287037037037037 0.021354166666666667 0.06481481481481481
0 0.6114583333333333 0.3541666666666667 0.0375 0.06944444444444445
0 0.9658854166666667 0.39089814814814816 0.06510416666666667 0.075
0 0.48984375 0.39305555555555555 0.0390625 0.0712962962962963
0 0.7270833333333333 0.39490740740740743 0.034375 0.07685185185185185
0 0.7578125 0.40879629629629627 0.057291666666666664 0.06759259259259259