0 0.83046875 0.23055555555555557 0.11822916666666666 0.16111111111111112
0 0.44088541666666664 0.24259259259259258 0.024479166666666666 0.07962962962962963
0 0.45807291666666666 0.29768518518518516 0.04635416666666667 0.125
0 0.7442708333333333 0.30972222222222223 0.026041666666666668 0.0712962962962963
0 0.9583333333333334 0.35648148148148145 0.06770833333333333 0.06481481481481481
0 0.6403645833333333 0.38333333333333336 0.04635416666666667 0.07592592592592592
0 0.9640625 0.4101851851851852 0.05520833333333333 0.05185185185185185
0 0.7734375 0.41574074074074074 0.04375 0.06851851851851852
0 0.8091145833333333 0.41898148148148145 0.033854166666666664 0.0787037037037037
0 0.9869791666666666 0.44907407407407407 0.025 0.07777777777777778
0 0.6229166666666667 0.4685185185185185 0.036458333333333336 0.07962962962962963
0 0.6747395833333333 0.47129629629629627 0.04010416666666667 0.06296296296296296
0 0.7234375 0.47453703703703703 0.0375 0.09537037037037037
0 0.8354166666666667 0.08287037037037037 0.21979166666666666 0.1638888888888889