0 0.628125 0.21342592592592594 0.153125 0.14907407407407408
0 0.390625 0.22592592592592592 0.046875 0.06851851851851852
0 0.54921875 0.2490740740740741 0.0453125 0.05925925925925926
0 0.6497395833333334 0.31342592592592594 0.0359375 0.08055555555555556
0 0.4864583333333333 0.3282407407407407 0.029166666666666667 0.05648148148148148
0 0.6760416666666667 0.3458333333333333 0.01875 0.05648148148148148
0 0.8104166666666667 0.3685185185185185 0.07708333333333334 0.07962962962962963
0 0.89453125 0.39675925925925926 0.09427083333333333 0.07685185185185185
0 0.8692708333333333 0.399537037037037 0.1 0.06944444444444445
0 0.7825520833333334 0.4476851851851852 0.03802083333333333 0.0712962962962963
0 0.8166666666666667 0.462037037037037 0.04375 0.06296296296296296
0 0.8786458333333333 0.4634259259259259 0.053125 0.05092592592592592
0 0.6171875 0.525 0.04791666666666667 0.06481481481481481
0 0.49114583333333334 0.06851851851851852 0.075 0.13333333333333333