0 0.5916666666666667 0.22407407407407406 0.15833333333333333 0.14444444444444443
0 0.37734375 0.24768518518518517 0.0421875 0.08981481481481482
0 0.6447916666666667 0.3194444444444444 0.058333333333333334 0.07777777777777778
0 0.4859375 0.33240740740740743 0.03854166666666667 0.05740740740740741
0 0.80234375 0.36898148148148147 0.0796875 0.09166666666666666
0 0.8596354166666667 0.39490740740740743 0.09322916666666667 0.06944444444444445
0 0.87265625 0.3990740740740741 0.07447916666666667 0.06666666666666667
0 0.7752604166666667 0.4513888888888889 0.033854166666666664 0.06018518518518518
0 0.87265625 0.45740740740740743 0.04739583333333333 0.04814814814814815
0 0.7947916666666667 0.45787037037037037 0.03333333333333333 0.06018518518518518
0 0.5966145833333333 0.5189814814814815 0.06197916666666667 0.06574074074074074
0 0.4791666666666667 0.08842592592592592 0.05520833333333333 0.11203703703703703