0 0.43723958333333335 0.23055555555555557 0.0734375 0.10740740740740741
0 0.42109375 0.14212962962962963 0.0578125 0.09907407407407408
0 0.40859375 0.25555555555555554 0.09427083333333333 0.08333333333333333
0 0.9291666666666667 0.2074074074074074 0.13020833333333334 0.23148148148148148
0 0.9559895833333333 0.3925925925925926 0.07552083333333333 0.06111111111111111
0 0.7260416666666667 0.3976851851851852 0.04375 0.08055555555555556
0 0.6049479166666667 0.35555555555555557 0.034895833333333334 0.07407407407407407
0 0.98046875 0.33101851851851855 0.0390625 0.0712962962962963
0 0.3229166666666667 0.3055555555555556 0.026041666666666668 0.06296296296296296
0 0.7559895833333333 0.4060185185185185 0.0578125 0.05092592592592592
0 0.4783854166666667 0.38333333333333336 0.0421875 0.06851851851851852