0 0.6059895833333333 0.22268518518518518 0.1546875 0.14351851851851852
0 0.3828125 0.2388888888888889 0.03854166666666667 0.08703703703703704
0 0.5372395833333333 0.25555555555555554 0.03802083333333333 0.06666666666666667
0 0.6479166666666667 0.3194444444444444 0.040625 0.07407407407407407
0 0.48802083333333335 0.3226851851851852 0.034375 0.06944444444444445
0 0.6734375 0.35 0.017708333333333333 0.05185185185185185
0 0.8028645833333333 0.3685185185185185 0.07552083333333333 0.08518518518518518
0 0.884375 0.39490740740740743 0.10104166666666667 0.08055555555555556
0 0.86796875 0.4023148148148148 0.1015625 0.0712962962962963
0 0.8755208333333333 0.44907407407407407 0.046875 0.06481481481481481
0 0.7755208333333333 0.45185185185185184 0.030208333333333334 0.053703703703703705
0 0.609375 0.5212962962962963 0.053125 0.05555555555555555
0 0.49557291666666664 0.08055555555555556 0.08489583333333334 0.11296296296296296