0 0.43411458333333336 0.13564814814814816 0.0390625 0.10648148148148148
0 0.9473958333333333 0.22314814814814815 0.10416666666666667 0.2074074074074074
0 0.45338541666666665 0.22962962962962963 0.07135416666666666 0.11851851851851852
0 0.4510416666666667 0.25972222222222224 0.13645833333333332 0.10277777777777777
0 0.3380208333333333 0.28888888888888886 0.0375 0.10740740740740741
0 0.9917604166666667 0.3299259259259259 0.015104166666666667 0.05925925925925926
0 0.6122395833333333 0.3439814814814815 0.0390625 0.08981481481481482
0 0.7322916666666667 0.3921296296296296 0.036458333333333336 0.0787037037037037
0 0.9684895833333333 0.39305555555555555 0.059895833333333336 0.0824074074074074
0 0.4953125 0.3962962962962963 0.03854166666666667 0.07777777777777778
0 0.7666666666666667 0.40555555555555556 0.05520833333333333 0.06296296296296296