0 0.3203125 0.3236111111111111 0.021875 0.05648148148148148
0 0.41354166666666664 0.14722222222222223 0.06458333333333334 0.1
0 0.4197916666666667 0.23657407407407408 0.06458333333333334 0.09351851851851851
0 0.39296875 0.2550925925925926 0.0984375 0.09166666666666666
0 0.91484375 0.22268518518518518 0.1421875 0.20462962962962963
0 0.9697916666666667 0.33055555555555555 0.059375 0.08333333333333333
0 0.9497395833333333 0.399537037037037 0.08489583333333334 0.06944444444444445
0 0.7158854166666667 0.4050925925925926 0.04635416666666667 0.06944444444444445
0 0.74296875 0.3958333333333333 0.0484375 0.06018518518518518
0 0.5994791666666667 0.3537037037037037 0.028125 0.07037037037037037
0 0.47161458333333334 0.37037037037037035 0.05677083333333333 0.07592592592592592