0 0.5841145833333333 0.22268518518518518 0.16302083333333334 0.13796296296296295
0 0.6416666666666667 0.32407407407407407 0.03333333333333333 0.08148148148148149
0 0.47604166666666664 0.33564814814814814 0.051041666666666666 0.049074074074074076
0 0.7911458333333333 0.37037037037037035 0.07395833333333333 0.08518518518518518
0 0.83359375 0.3958333333333333 0.06927083333333334 0.06574074074074074
0 0.8817708333333333 0.4013888888888889 0.03958333333333333 0.075
0 0.7971354166666667 0.4537037037037037 0.044270833333333336 0.06851851851851852
0 0.8677083333333333 0.45416666666666666 0.035416666666666666 0.04722222222222222
0 0.7692708333333333 0.4587962962962963 0.04791666666666667 0.05462962962962963
0 0.5877604166666667 0.524074074074074 0.050520833333333334 0.05
0 0.47109375 0.07824074074074074 0.05677083333333333 0.14351851851851852