0 0.87109375 0.2611111111111111 0.0609375 0.05740740740740741
0 0.99140625 0.26666666666666666 0.016145833333333335 0.06666666666666667
0 0.8635416666666667 0.3055555555555556 0.058333333333333334 0.05555555555555555
0 0.6419270833333334 0.31666666666666665 0.027604166666666666 0.05
0 0.9666666666666667 0.34305555555555556 0.06458333333333334 0.05462962962962963
0 0.7109375 0.3439814814814815 0.041666666666666664 0.05092592592592592
0 0.47708333333333336 0.37222222222222223 0.023958333333333335 0.044444444444444446
0 0.9760416666666667 0.37546296296296294 0.04479166666666667 0.05092592592592592
0 0.83671875 0.38101851851851853 0.0515625 0.049074074074074076
0 0.7911458333333333 0.39675925925925926 0.065625 0.06944444444444445
0 0.8869791666666667 0.4101851851851852 0.09791666666666667 0.07037037037037037