0 0.4278645833333333 0.1375 0.044270833333333336 0.10277777777777777
0 0.9403645833333333 0.22175925925925927 0.11614583333333334 0.2101851851851852
0 0.44609375 0.2351851851851852 0.07135416666666666 0.07777777777777778
0 0.44166666666666665 0.2550925925925926 0.128125 0.08611111111111111
0 0.32864583333333336 0.29398148148148145 0.023958333333333335 0.09351851851851851
0 0.9864583333333333 0.3351851851851852 0.023958333333333335 0.06851851851851852
0 0.6091145833333333 0.34953703703703703 0.0359375 0.06388888888888888
0 0.9653645833333333 0.39305555555555555 0.0671875 0.06944444444444445
0 0.48932291666666666 0.39305555555555555 0.03177083333333333 0.062037037037037036
0 0.7229166666666667 0.4027777777777778 0.027083333333333334 0.06481481481481481
0 0.7572916666666667 0.4101851851851852 0.04791666666666667 0.06481481481481481